采用Gale_Shapley算法，周期T：10，路段长：700
cycle            1	       2	       3	       4	       5	       6	       7	       8	       9	      10	      11	      12	      13	      14	      15	      16	      17	      18	      19	      20		avg
recieved:       21	      20	      23	      23	      19	      23	      26	      26	      19	      21	      29	      22	      20	      22	      22	      24	      24	      22	      23	      25		22.7
requested:      54	      54	      54	      54	      54	      54	      54	      54	      54	      54	      54	      54	      54	      54	      54	      54	      54	      54	      54	      54		54.0
delay:    6.380952	6.300000	6.043478	6.000000	6.000000	6.260870	6.153846	6.192307	6.473684	6.380952	6.103448	6.045455	6.300000	6.136364	5.454545	5.000000	5.458333	6.136364	6.130435	5.960000		6.045552
ratio:    0.388889	0.370370	0.425926	0.425926	0.351852	0.425926	0.481481	0.481481	0.351852	0.388889	0.537037	0.407407	0.370370	0.407407	0.407407	0.444444	0.444444	0.407407	0.425926	0.462963		0.420370
采用Hungary算法，周期T：10，路段长：700
cycle            1	       2	       3	       4	       5	       6	       7	       8	       9	      10	      11	      12	      13	      14	      15	      16	      17	      18	      19	      20		avg
recieved:       37	      37	      40	      43	      43	      41	      41	      43	      40	      41	      39	      44	      43	      43	      41	      41	      42	      34	      40	      40		40.7
requested:     154	     154	     169	     154	     147	     135	     155	     154	     151	     161	     160	     152	     140	     169	     160	     159	     167	     161	     143	     154		154.9
delay:    6.162162	5.783784	6.150000	6.279070	5.674418	5.609756	6.365854	6.302326	6.250000	6.170732	6.205128	5.568182	6.116279	5.930233	6.170732	5.634146	6.142857	6.147059	6.225000	6.200000		6.054386
ratio:    0.240260	0.240260	0.236686	0.279221	0.292517	0.303704	0.264516	0.279221	0.264901	0.254658	0.243750	0.289474	0.307143	0.254438	0.256250	0.257862	0.251497	0.211180	0.279720	0.259740		0.263350
采用Edmonds_Karp算法，周期T：10，路段长：700
cycle            1	       2	       3	       4	       5	       6	       7	       8	       9	      10	      11	      12	      13	      14	      15	      16	      17	      18	      19	      20		avg
flow:          779	     791	     815	     889	     882	     838	     844	     933	     821	     850	     823	     818	     800	     886	     890	     853	     855	     811	     892	     910		849.0
delay:    0.664750	0.720545	0.723770	0.696796	0.706874	0.691197	0.689965	0.691291	0.714115	0.674711	0.684192	0.713095	0.685990	0.675166	0.695943	0.738799	0.708770	0.715217	0.682845	0.707189		0.699061
ratio:    0.924051	0.915033	0.920530	0.962264	0.967320	0.871795	0.907975	0.969325	0.896104	0.884146	0.920000	0.932432	0.903226	0.986842	0.968153	0.927632	0.951515	0.907407	0.959064	0.956790		0.931580
defratio: 0.012870	0.064350	0.038610	0.038610	0.025740	0.077220	0.038610	0.025740	0.064350	0.102960	0.038610	0.051480	0.064350	0.012870	0.025740	0.064350	0.025740	0.064350	0.025740	0.038610		0.045045
tran:          490	     488	     480	     529	     515	     475	     506	     544	     478	     495	     469	     480	     477	     511	     529	     497	     553	     512	     562	     537		506.4

采用Gale_Shapley算法，周期T：10，路段长：1000
cycle            1	       2	       3	       4	       5	       6	       7	       8	       9	      10	      11	      12	      13	      14	      15	      16	      17	      18	      19	      20		avg
recieved:       19	      18	      16	      17	      14	      18	      21	      23	      16	      16	      15	      18	      19	      21	      17	      16	      19	      22	      17	      14		17.8
requested:      54	      54	      54	      54	      54	      54	      54	      54	      54	      54	      54	      54	      54	      54	      54	      54	      54	      54	      54	      54		54.0
delay:    5.526316	6.000000	6.187500	4.941176	6.142857	6.555555	6.000000	5.217391	6.000000	5.437500	6.133333	6.444445	6.157895	6.142857	6.000000	6.125000	6.210526	5.590909	6.176471	6.000000		5.949487
ratio:    0.351852	0.333333	0.296296	0.314815	0.259259	0.333333	0.388889	0.425926	0.296296	0.296296	0.277778	0.333333	0.351852	0.388889	0.314815	0.296296	0.351852	0.407407	0.314815	0.259259		0.329630
采用Hungary算法，周期T：10，路段长：1000
cycle            1	       2	       3	       4	       5	       6	       7	       8	       9	      10	      11	      12	      13	      14	      15	      16	      17	      18	      19	      20		avg
recieved:       35	      32	      30	      33	      34	      33	      34	      32	      23	      31	      34	      38	      32	      29	      29	      28	      39	      35	      28	      29		31.9
requested:     146	     157	     151	     157	     147	     151	     164	     151	     153	     166	     157	     154	     151	     156	     161	     153	     147	     138	     149	     153		153.1
delay:    6.200000	5.750000	6.166667	5.272727	6.117647	6.212121	6.029412	5.468750	6.173913	6.322581	6.176471	5.973684	5.781250	5.724138	6.586207	5.750000	5.256410	6.057143	6.285714	6.413793		5.985931
ratio:    0.239726	0.203822	0.198675	0.210191	0.231293	0.218543	0.207317	0.211921	0.150327	0.186747	0.216561	0.246753	0.211921	0.185897	0.180124	0.183007	0.265306	0.253623	0.187919	0.189542		0.208961
采用Edmonds_Karp算法，周期T：10，路段长：1000
cycle            1	       2	       3	       4	       5	       6	       7	       8	       9	      10	      11	      12	      13	      14	      15	      16	      17	      18	      19	      20		avg
flow:          569	     535	     422	     492	     620	     613	     568	     533	     506	     581	     611	     628	     554	     492	     548	     540	     579	     560	     486	     468		545.3
delay:    0.673230	0.717002	0.690300	0.722200	0.691785	0.704640	0.679965	0.705797	0.689060	0.708754	0.688818	0.670233	0.706903	0.674303	0.760465	0.708182	0.709370	0.670423	0.655711	0.677244		0.695219
ratio:    0.634615	0.695652	0.606667	0.618421	0.720000	0.840000	0.750000	0.647436	0.638889	0.710692	0.707317	0.728395	0.660131	0.646667	0.635762	0.746835	0.690323	0.650307	0.620000	0.581250		0.676468
defratio: 0.334620	0.270270	0.347490	0.373230	0.257400	0.167310	0.257400	0.360360	0.347490	0.231660	0.283140	0.270270	0.283140	0.398970	0.321750	0.257400	0.283140	0.296010	0.360360	0.386100		0.304376
tran:          326	     380	     297	     319	     367	     430	     360	     350	     313	     384	     389	     398	     344	     326	     341	     394	     357	     347	     301	     306		351.5

